362164875 3001557.211668
734517533 5762209.159353
1077910015 8445138.483039
1433776698 11079974.635447
1795280222 13680169.182859
2154689343 16253408.929574
2496495871 18804657.536383
2850587329 21337377.793913
3208403334 23854118.616177
3568149804 26356831.930587
3936089880 28847058.618950
4282854766 31326044.984161
4635638265 33794818.814641
4995314070 36254241.776021
5353854467 38705046.223764
5703506190 41147861.965668
6058424586 43583236.152890
6420351937 46011648.365785
6774290450 48433522.258795
7139730246 50849234.689635
