50001 396741 5166.349737
100001 757495 9629.609192
150001 1117995 13892.850839
200001 1487352 18035.849847
250001 1836720 22093.811639
300001 2196332 26086.488600
350001 2538093 30026.462880
400001 2902040 33922.417449
450001 3249044 37780.686507
500001 3615364 41606.083651
550000 4009823 45402.307996
600000 4343863 49172.546167
650000 4692941 52919.211821
700000 5089909 56644.382324
750000 5392374 60349.815613
800000 5807428 64037.017426
850000 6119004 67707.291056
900000 6482317 71361.774923
950000 6838508 75001.471470
1000000 7196196 78627.269730
