178497651 3001557.211668
356913006 5762209.159353
535873214 8445138.483039
714555171 11079974.635446
892534574 13680169.182857
1070999740 16253408.929572
1249792141 18804657.536384
1427591881 21337377.793913
1605244019 23854118.616175
1783923244 26356831.930586
1964209266 28847058.618948
2145637980 31326044.984160
2320355041 33794818.814640
2499340651 36254241.776024
2678056307 38705046.223766
2854830545 41147861.965671
3032647378 43583236.152894
3210619203 46011648.365787
3388761010 48433522.258797
3566913459 50849234.689637
