1424497087 3001557.211667
2848607280 5762209.159354
4277877405 8445138.483041
5704211909 11079974.635445
7123644085 13680169.182857
8556467067 16253408.929569
9981829499 18804657.536385
11414350062 21337377.793911
12829739056 23854118.616173
14257412733 26356831.930588
15684615231 28847058.618949
17112654678 31326044.984161
18543700057 33794818.814640
19966365025 36254241.776017
21371818373 38705046.223759
22796782052 41147861.965668
24217303168 43583236.152889
25686087996 46011648.365782
27073643927 48433522.258791
28490503697 50849234.689629
