1000,1000
12

# input lines
# single color hack to avoid multiple composition modes
line 0,0.5 .438,0.36 0.005 0,255,0

# output lines
# 169,100 300,122 RGB: 204 11 46 HSV: 349 94 80
line 0.5633,0.3333 1.0,0.405 0.017 347,204,240
# 169,103 299,126 RGB: 229 128 22 HSV: 30 90 89
line 0.5633,0.3433 1.0,0.42 0.017 30,230,230
# 171,106 300,131 RGB: 255 255 42 HSV: 60 83 100
line 0.57,0.3533 1.0,0.4366 0.019 60,255,212
# 174,110 300,137 RGB: 134 200 45 HSV: 85 77 78
line 0.58,0.3666 1.0,0.454 0.019 85,196,196
# 177,113 300,141 RGB: 114 192 215 HSV: 193 46 84
line 0.59,0.3766 1.0,0.47 0.019 193,214,117
# 179,116 300,146 RGB: 95 75 133 HSV: 260 43 52
line 0.5966,0.3866 1.0,0.4866 0.019 260,133,110

# erase hack :D
line 0.555,0.3166 0.615,0.4166 0.025 0,0,0
line 0.545,0.3166 0.605,0.4166 0.04 0,0,0

# triangle sides
# single color hack to avoid multiple composition modes
line 0.5133,0.2266 0.3466,0.5266 0.01 0,255,0
line 0.5133,0.2266 0.69,0.5266 0.01 0,255,0
line 0.3466,0.5266 0.69,0.5266 0.009 0,255,0

